procs -----------memory---------- ---swap-- -----io---- -system-- ------cpu-----
 r  b   swpd   free   buff  cache   si   so    bi    bo   in   cs us sy id wa st
 0  0      0 9658096 169912 3469104    0    0   101    91  946 2207 25  8 67  0  0
 0  0      0 9626716 169920 3469096    0    0     0   192 2005 2297  4  1 95  0  0
 0  0      0 9624704 169968 3460868    0    0     0   368  563 1422  1  1 98  0  0
 1  0      0 9615380 169992 3460356    0    0     0   212  515 1424  1  0 99  0  0
 0  0      0 9604796 169992 3460356    0    0     0     0  536 1493  1  1 99  0  0
 0  0      0 9594716 169992 3460356    0    0     0   132  530 1406  1  1 98  0  0
 0  0      0 9603284 169992 3460356    0    0     0    44 1168 2134  5  1 94  0  0
 0  0      0 9593204 169992 3460356    0    0     0     0  441 1196  1  1 99  0  0
